-0.564993
-0.41128612
0.21453524
-0.35833132
0.76072586
-0.38061678
-0.5964335
0.85149753
0.5580431
-0.90043354
0.69071865
0.3882966
-0.39963114
-0.05621183
-0.5092151
-0.6127964
-0.07156813
-0.93785477
0.32071006
-0.61036456
-0.018858433
0.18816733
-0.9729904
-0.036394835
-0.8826301
0.98538554
0.5036359
-0.9825666
0.36668694
0.49174643
0.25622678
-0.5908506
0.97481024
0.014025927
-0.4314202
0.7432815
-0.93039
0.85091543
-0.36378634
-0.48375618
0.80226433
0.46323633
0.6644547
-0.20347178
0.1331724
0.33880556
0.9303222
0.088047385
-0.6676787
-0.60991013
0.55554533
0.012130976
0.8290628
0.5034636
-0.85948753
-0.04999304
-0.3620056
0.21439123
-0.59469545
0.21347451
0.8484523
-0.54579127
-0.95511925
-0.036444068
-0.98116875
0.09863937
-0.36706436
0.6880791
0.46862257
-0.50073314
-0.36387146
0.19852757
0.8970494
0.30666852
-0.50825274
-0.16048777
0.24503171
0.3637992
-0.14687479
0.85248125
0.8057922
0.08277464
0.14522219
0.936705
0.10876274
-0.0040482283
-0.34408355
-0.7507223
0.6629243
-0.27209485
-0.29380798
-0.96772873
-0.85812354
-0.24042702
-0.2847625
-0.6941217
0.69761395
-0.50325096
-0.043536186
0.58431065
0.758268
0.41575933
0.7707895
-0.7745117
0.6332828
-0.30066442
-0.72130096
-0.9084269
-0.46479404
-0.28859603
0.058244586
-0.1431979
-0.9706781
-0.036987305
0.7092961
-0.86024904
-0.47918952
-0.37855697
-0.8868562
0.1532476
0.045313597
-0.00455904
0.96048295
0.6570537
-0.5146955
-0.6674957
0.7305591
-0.5272285
0.31531405
0.386508
0.7617775
0.8901155
0.28895116
0.9091829
0.8925921
-0.92215586
-0.8939091
-0.003169775
0.9354291
-0.36332965
-0.69283295
0.2501831
0.07148445
-0.87299407
0.48202896
0.30277705
0.24740386
-0.39067376
0.6833818
0.42007887
-0.5256802
0.69341505
0.81075275
0.70271635
0.26493466
0.45515513
0.07278955
-0.2665347
-0.4840008
0.9025006
0.6173371
0.23644674
-0.79639566
-0.081288576
0.49521804
-0.92821467
0.09037495
-0.8500378
0.531309
0.4295491
-0.93861187
0.9114764
-0.06708181
-0.17086697
-0.9448683
-0.45700014
0.86946905
-0.95334923
0.21403193
0.8386214
-0.61084354
-0.38814926
0.7542058
-0.79820085
-0.7411082
-0.5776317
-0.9144019
-0.5656278
0.26606798
-0.6422473
0.3722384
-0.13506663
0.6282909
0.7359538
-0.49003994
-0.42985523
0.12530923
0.89432263
0.44875813
-0.6385083
0.88226116
-0.8945608
0.9634857
0.02501738
0.16262555
0.121249914
0.9754975
-0.055624127
-0.37825716
-0.30066144
0.97609735
0.04599178
0.057527304
-0.018817186
0.15844345
0.22335362
0.38537693
0.19873154
0.71735156
0.6758871
0.2518468
-0.8264054
-0.85306823
0.49309504
-0.9397507
-0.110180855
0.006135702
-0.7103965
0.16602564
-0.82982683
0.8152938
-0.3794396
0.3468523
0.42680764
0.80703056
-0.44512188
-0.62043786
-0.4938408
0.028271198
-0.6622528
0.4619167
-0.12275767
0.65334034
-0.8784479
-0.61787736
-0.4494233
0.72961164
0.7799444
-0.37590182
-0.9533218
-0.62375295
-0.25624692
0.14440382
-6.881952E-4
-0.33603048
0.41628635
0.2913289
0.27684045
0.02149725
-0.747707
0.46290648
-0.811486
-0.42456973
0.1385324
0.6049732
-0.07880759
-0.10051751
-0.18003309
-0.1996361
-0.00819242
0.32168674
-0.7943529
-0.95524514
0.52409744
0.34152985
0.30033267
0.17364037
0.54331946
0.50109637
-0.014110804
-0.090248704
-0.6354791
-0.07533133
0.07094085
-0.4664998
0.3195405
0.9105495
0.99476385
-0.08542156
0.47249115
-0.32090354
-0.22512639
-0.96428
0.21655929
0.43528688
-0.4036708
-0.07378197
-0.51370275
0.107017756
0.6298444
-0.37940145
-0.8247826
0.81750214
0.91699076
0.66576576
0.79067326
0.71848214
0.5619991
0.397995
0.6352531
-0.8412272
-0.9849411
-0.9392892
0.26097822
-0.77069604
0.32194912
0.47760594
-0.35948193
-0.01793766
-0.84401786
0.8571801
0.6356517
-0.43190348
-0.04653859
-0.910733
-0.22913778
0.2122432
0.16231251
-0.9120867
0.048987508
-0.59609365
-0.4893844
0.10564721
0.24230313
0.5297904
-0.76090133
-0.95944095
-0.42146516
-0.9671091
-0.24286616
0.4097774
-0.5043925
-0.7894999
0.4195429
0.48221636
0.7962023
0.15192795
0.731977
0.9424368
0.38443136
-0.21521056
-0.16760063
-0.93003595
-0.7405969
-0.7009926
0.5281912
0.71949637
-0.3223219
-0.36666048
0.36173093
-0.8865391
0.63834953
0.5547019
-0.5926181
-0.3731017
-0.9932486
0.9815438
0.95128345
-0.8454832
0.7478678
-0.5240296
-0.53991985
-0.6189735
-0.38310492
0.66342807
-0.20012426
0.18987083
-0.8631307
-0.82700145
-0.57734203
-0.31519508
-0.6771729
0.4964131
8.44717E-4
-0.21276534
0.085882306
-0.05826366
-0.02565825
0.31493318
0.92239094
0.14149046
0.79772747
-0.16900718
0.8728125
-0.07075584
0.86325896
-0.3567469
0.9879625
0.9190903
-0.44000137
-0.81722414
0.98936546
-0.06408882
-0.45165062
-0.07468629
0.43386865
0.20911741
0.8268266
-0.8465481
-0.37466788
0.6480659
-0.3056413
-0.41821885
-0.45091462
-0.21566069
-0.6765512
-0.64309
0.18520153
-0.6535506
0.82002413
0.6534195
0.28800225
-0.29048955
-0.27608943
0.25233817
-0.13866782
-0.5495261
-0.32504606
-0.3720541
-0.47194505
0.28432274
-0.88444996
0.48052347
-0.6398213
0.13514781
-0.49141002
-0.082859635
0.7315413
-0.08352864
0.6147517
-0.038964987
0.762836
0.69699347
-0.7049624
0.40517032
-0.010045409
0.78183305
0.390136
-0.35902643
0.19842827
-0.6527549
-0.8095679
0.69416785
-0.21731794
0.66195273
-0.5315124
-0.22769713
0.5186374
0.6750605
-0.97509277
-0.059325933
-0.052067995
0.44474006
0.13036954
0.643605
-0.51607203
0.15043998
-0.5308809
0.5066464
0.3422686
0.43248034
0.4465084
0.80342984
-0.8932041
-0.2740084
0.6656679
0.041298866
-0.5438496
0.82196593
-0.43731976
-0.013761878
-0.25537026
-0.15135789
0.5786545
0.06512666
-0.14361668
0.50475955
0.7099607
-0.81173754
0.29453957
0.0068417788
-0.910004
-0.35495722
0.74241185
-0.3186984
0.59885204
0.6394448
-0.5852219
0.31576514
-0.04098332
-0.6703669
0.13189423
-0.30922055
0.8499329
-0.22107124
0.082137465
0.5824634
-0.83777773
-0.84388554
0.2320162
-0.07062352
-0.57967806
-0.23457766
0.9919778
0.7948781
0.843052
-0.7543416
-0.59348285
0.76272607
-0.3956157
0.54006636
-0.682696
0.043076277
-0.8731997
0.27132082
0.81441844
0.9340935
-0.8812462
-0.9917214
0.16557562
-0.4919759
-0.606217
-0.08710289
-0.7250428
0.12801778
0.025878906
0.51836777
0.70669913
-0.65733576
0.25422013
0.30559945
0.20424557
0.069843054
-0.19305146
0.48854065
-0.6070818
-0.97797835
-0.5688062
0.44453084
-0.4273075
0.8247758
0.7641872
0.77025545
0.9510839
0.05350864
-0.96656847
0.5245099
-0.2517631
0.8058075
-0.8858458
0.13469946
-0.099951625
0.81555927
0.28755665
0.2748778
0.8189616
-0.5919591
0.62782025
0.13049984
-0.769302
-0.26782763
0.6998378
0.49149513
0.52966905
0.15766883
0.47983742
0.48460388
0.58340156
0.9928967
-0.16964102
0.17321944
0.32051718
-0.20295036
-0.91144514
0.20459163
-0.23258293
0.59224653
-0.61207616
0.93772566
0.12182975
0.8230325
-0.8400204
-0.41048515
0.7890674
-0.41051483
-0.8081025
-0.27838385
0.5377096
-0.34611535
-0.10698426
0.46768153
0.69025743
0.1791724
0.69758046
0.16233993
-0.1578989
-0.17912042
0.35996044
-0.8463659
0.4461758
0.41481912
0.24459887
0.514524
0.81446135
-0.636194
-0.55462456
0.85290027
-0.06921482
-0.75754917
0.96318746
-0.5291084
0.8582165
-0.0446409
0.40808976
-0.45808196
-0.46902776
0.87783146
-0.63886964
0.8380271
0.07369614
0.18758333
0.1252352
-0.2881292
-0.6250025
0.5005522
0.014517546
-0.340181
-0.001748085
0.9242344
0.38385236
-0.21100879
-0.6618564
-0.25985396
-0.50163674
0.08649588
0.57978415
0.6561345
-0.7952516
-0.46977496
0.99823475
0.4938383
0.71852493
-0.94525456
0.6159158
-0.60770476
0.114926696
-0.7580297
0.5359578
-0.7575016
-0.85574853
-0.32551563
-0.63043344
0.77778864
0.52905023
-0.71906126
-0.7903123
-0.7791891
-0.9089205
0.11042726
0.3626994
-0.14995217
0.95704055
-0.02998805
-0.5182204
0.54963803
-0.8333124
-0.29832017
0.4535221
0.1284821
0.624055
0.79829526
0.133062
0.7529962
-0.73229015
0.080157995
0.21844923
0.5779959
0.27072608
-0.42660332
0.7745241
-0.040974855
-0.8966017
-0.87128353
-0.6113633
0.39520228
-0.6043148
-0.9447074
-0.9500376
0.5237807
0.12241793
-0.23755562
-0.3680743
-0.4631747
-0.9909625
0.5249616
0.5206121
-0.18136692
0.9319439
-0.2783339
0.32454085
-0.557009
0.084591866
0.72730505
-0.26744103
-0.51349044
0.8236275
0.8327644
-0.87709117
-0.4961958
0.3302915
0.6766937
-0.7100116
0.5991702
0.858881
0.5230173
0.12447524
0.47581983
-0.35956752
-0.07518804
-0.10790157
-0.16284001
-0.88367176
0.7682221
0.19741511
0.2757113
-0.35010338
0.064297915
0.23876607
-0.93396664
0.16715407
0.1069572
0.66264844
0.36164987
-0.8202338
0.4780066
-0.5301775
-0.50309813
0.6194793
0.87290835
0.9275863
0.2586056
-0.9546697
-0.35745013
0.37505996
-0.0036953688
0.6607765
0.37676716
0.89954877
-0.3080113
0.6916294
0.6560974
0.99685585
-0.95014024
-0.0722661
-0.58821535
0.04781449
0.26474893
-0.57167065
0.08424842
-0.5554304
-0.61389506
0.7458645
0.16214514
0.8367721
-0.35374284
0.654855
0.7041142
-0.2503736
-0.66861343
0.806548
0.3608979
0.91866446
0.8369944
0.3983531
-0.7244214
-0.5875226
-0.40638304
0.6870855
-0.6257323
-0.047070503
-0.7687224
-0.26880276
0.080031514
-0.07261956
0.3621627
-0.7302656
0.7817414
-0.7898433
0.9209533
0.19138551
-0.3593011
0.018221617
-0.63691103
0.07858479
0.9764031
-0.77780366
0.966197
0.19832492
-0.22497809
-0.42164516
0.8234328
-0.17147303
0.3275745
0.6559725
0.20525265
0.63813484
0.9283637
0.3797083
0.1751324
-0.93154836
0.52788913
0.317065
-0.4168421
-0.71325564
-0.40034783
-0.49883103
-0.23130655
-0.29878533
0.8895116
-0.2698542
-0.049803615
0.5456964
0.59339535
-0.8764763
0.8686267
-0.6242118
-0.4407121
0.09686494
0.8140273
-0.91528356
0.81883323
-0.15200078
0.7671424
0.272411
0.8901948
0.5978019
-0.37485838
-0.58326113
0.4058169
0.017711163
0.9795424
-0.36055672
-0.46347082
0.983611
-0.16650069
0.17522943
-0.9816612
0.6560973
-0.8257966
-0.40898216
-0.7671379
0.19150603
-0.8250953
-0.07972109
0.42045832
0.583673
-0.25800407
0.13747406
-0.32814395
0.3267442
-0.57111895
0.66908884
0.58570313
-0.96578264
-0.27556026
0.19594991
0.4136237
-0.2352134
-0.76449394
0.028103352
-0.06015098
-0.3362391
0.19684815
0.41639745
0.33938503
0.35832608
0.4668764
0.7981895
0.6883111
0.23051071
0.14216602
-0.94132054
0.80475783
-0.22560847
0.119570136
0.23090458
-0.39679098
0.42111814
0.35316014
-0.13070595
0.35309207
0.84024954
-0.27232063
-0.26697075
-0.86850655
0.308455
0.96507466
0.93166494
0.6168412
-0.5571555
0.89169025
-0.25181007
-0.76564825
-0.25166523
-0.15218377
-0.19817293
0.8650385
-0.99497044
0.67668855
-0.2114706
0.9794395
0.6573764
0.276186
0.8917258
0.54752374
0.85286
0.3540721
0.1460284
0.5813092
-0.43852186
-0.9513693
0.025239468
-0.85835123
-0.10826588
-0.75584245
-0.31777716
-0.67826045
-0.93587005
0.53943706
0.36742687
0.62476146
-0.074818015
0.26276755
-0.72330415
0.5804944
-0.04393673
0.04624629
-0.4846102
-0.024147749
0.67862105
-0.8169085
-0.9911269
0.06836939
0.57249916
-0.76577985
-0.5604671
-0.7476795
-0.8685918
-0.405187
0.95428276
-0.7217879
0.7015228
-0.51985896
-0.82310784
0.9929012
-0.8859602
0.0757035
0.5955864
-0.8440696
-0.14312172
-0.51581573
0.70359755
0.9653636
-0.70663905
-0.8134184
0.28032696
-0.9576695
0.05074179
-0.35594785
-0.7485801
0.6076796
0.6471635
-0.44125724
-0.098520756
-0.95204353
-0.663201
-0.62438846
0.48374915
-0.096068144
0.3205701
0.563666
-0.96646833
0.19692707
0.3412168
0.81613326
0.4092375
-0.108688235
-0.6398883
-0.16199172
-0.8740356
